x <- 1:100
x
